Num       RefCount Protocol Flags    Type St Inode Path
ffff8cba0c555800: 00000003 00000000 00000000 0001 03 28167
ffff8cb931e5d400: 00000003 00000000 00000000 0001 03 24297 /run/user/1000/bus
ffff8cb90f636c00: 00000003 00000000 00000000 0001 03 29782
ffff8cb911213000: 00000003 00000000 00000000 0001 03 26789
ffff8cb901c9c800: 00000003 00000000 00000000 0001 03 24228
ffff8cba06f6f000: 00000003 00000000 00000000 0001 03 21033
ffff8cb90d676800: 00000003 00000000 00000000 0001 03 27146 /run/dbus/system_bus_socket
ffff8cb911223000: 00000003 00000000 00000000 0001 03 27117
ffff8cb90bada400: 00000003 00000000 00000000 0001 03 28928 /run/user/1000/bus
ffff8cb912607000: 00000003 00000000 00000000 0001 03 28890 /run/user/1000/bus
ffff8cba0cd2dc00: 00000003 00000000 00000000 0001 03 30037
ffff8cba0c919c00: 00000003 00000000 00000000 0005 03 43618
ffff8cb90f636800: 00000003 00000000 00000000 0001 03 29754 /run/user/1000/bus
ffff8cb931e5d000: 00000003 00000000 00000000 0001 03 27815 /run/user/1000/bus
ffff8cb911213400: 00000003 00000000 00000000 0001 03 27793 /run/user/1000/bus
ffff8cb901c9cc00: 00000003 00000000 00000000 0001 03 22402 /run/user/1000/bus
ffff8cba06f6f400: 00000003 00000000 00000000 0001 03 19939 /run/systemd/journal/stdout
ffff8cba0c555c00: 00000003 00000000 00000000 0001 03 28168 /run/user/1000/bus
ffff8cb90d676c00: 00000003 00000000 00000000 0001 03 27132 /run/dbus/system_bus_socket
ffff8cb90bada000: 00000003 00000000 00000000 0001 03 28916 /run/systemd/journal/stdout
ffff8cb911223400: 00000003 00000000 00000000 0001 03 28973 /run/user/1000/bus
ffff8cb912607400: 00000003 00000000 00000000 0001 03 27873
ffff8cba0c919400: 00000003 00000000 00000000 0001 03 43626
ffff8cba0c919000: 00000003 00000000 00000000 0005 03 43619
ffff8cba2cb49000: 00000003 00000000 00000000 0001 03 43597 /run/systemd/journal/stdout
ffff8cb911213800: 00000003 00000000 00000000 0001 03 24346 /run/user/1000/bus
ffff8cb901c9c000: 00000003 00000000 00000000 0001 03 24250 /run/dbus/system_bus_socket
ffff8cb90f636400: 00000003 00000000 00000000 0001 03 46349
ffff8cb911223800: 00000003 00000000 00000000 0001 03 29041
ffff8cb90badac00: 00000003 00000000 00000000 0001 03 28942 /run/systemd/journal/stdout
ffff8cb931e5dc00: 00000002 00000000 00000000 0002 01 27796
ffff8cba06f6f800: 00000002 00000000 00000000 0002 03 21048
ffff8cba0cd2d400: 00000003 00000000 00000000 0001 03 30188
ffff8cb90d676000: 00000003 00000000 00000000 0001 03 28997
ffff8cb912607800: 00000003 00000000 00000000 0001 03 27859
ffff8cba0ac3c000: 00000003 00000000 00000000 0002 03 19799
ffff8cb911213c00: 00000003 00000000 00000000 0001 03 34523 /run/user/1000/bus
ffff8cb90f636000: 00000003 00000000 00000000 0001 03 29764 /run/user/1000/pipewire-0
ffff8cb901c9c400: 00000003 00000000 00000000 0001 03 22395 /run/user/1000/bus
ffff8cba06f6fc00: 00000003 00000000 00000000 0001 03 21084 /run/dbus/system_bus_socket
ffff8cba0c555400: 00000003 00000000 00000000 0001 03 19192
ffff8cba2cb49400: 00000003 00000000 00000000 0001 03 38733
ffff8cb931e5d800: 00000003 00000000 00000000 0001 03 27816
ffff8cba0ac3c400: 00000003 00000000 00000000 0001 03 21014 /run/dbus/system_bus_socket
ffff8cb90bada800: 00000003 00000000 00000000 0001 03 28886 /run/systemd/journal/stdout
ffff8cba0cd2d000: 00000003 00000000 00000000 0001 03 30138
ffff8cb90d676400: 00000003 00000000 00000000 0001 03 29007
ffff8cb912607c00: 00000003 00000000 00000000 0001 03 27886
ffff8cb911223c00: 00000003 00000000 00000000 0001 03 28802 /run/systemd/journal/stdout
ffff8cba0c918c00: 00000002 00000000 00000000 0001 03 28504
ffff8cb90f637c00: 00000003 00000000 00000000 0001 03 29784 /run/systemd/journal/stdout
ffff8cb90badb400: 00000002 00000000 00000000 0002 01 24487
ffff8cba06f6e000: 00000003 00000000 00000000 0001 03 19947 /run/systemd/journal/stdout
ffff8cba0ac3d800: 00000003 00000000 00000000 0001 03 19821
ffff8cba118f3400: 00000002 00000000 00010000 0001 01 19661 /run/systemd/resolve/io.systemd.Resolve
ffff8cba0cd2cc00: 00000003 00000000 00000000 0001 03 27638 /run/user/1000/bus
ffff8cb90d677800: 00000003 00000000 00000000 0001 03 29008 /run/systemd/journal/stdout
ffff8cb911222000: 00000003 00000000 00000000 0001 03 27120
ffff8cb912606000: 00000003 00000000 00000000 0001 03 26919 /run/user/1000/bus
ffff8cb901c9d800: 00000002 00000000 00000000 0002 01 24187
ffff8cba118f3000: 00000002 00000000 00010000 0001 01 19662 /run/systemd/resolve/io.systemd.Resolve.Monitor
ffff8cb931e5c000: 00000003 00000000 00000000 0001 03 28715 /run/systemd/journal/stdout
ffff8cba2cb48800: 00000003 00000000 00000000 0005 03 38755
ffff8cba06f6e400: 00000003 00000000 00000000 0001 03 29467
ffff8cb911212400: 00000003 00000000 00000000 0001 03 26816
ffff8cb901c9dc00: 00000003 00000000 00000000 0001 03 24227
ffff8cba0c554c00: 00000003 00000000 00000000 0001 03 20940 /run/dbus/system_bus_socket
ffff8cba07746400: 00000003 00000000 00000000 0001 03 44723
ffff8cba0cd2c800: 00000003 00000000 00000000 0001 03 27639 /run/user/1000/at-spi/bus
ffff8cb911222400: 00000003 00000000 00000000 0001 03 27119
ffff8cb912606400: 00000003 00000000 00000000 0001 03 28939 /run/systemd/journal/stdout
ffff8cba118f0c00: 00000002 00000000 00010000 0001 01 19700 /run/avahi-daemon/socket
ffff8cba0c918800: 00000002 00000000 00000000 0002 01 43623
ffff8cb90d677c00: 00000003 00000000 00000000 0001 03 29015
ffff8cb90badb000: 00000003 00000000 00000000 0001 03 24521
ffff8cba0ac3dc00: 00000003 00000000 00000000 0002 03 19798
ffff8cba06f6e800: 00000003 00000000 00000000 0001 03 43345 /run/systemd/journal/stdout
ffff8cb90f637400: 00000003 00000000 00000000 0001 03 27265 /run/user/1000/at-spi/bus
ffff8cb911212800: 00000003 00000000 00000000 0001 03 27160 /run/dbus/system_bus_socket
ffff8cba118f2800: 00000002 00000000 00010000 0001 01 19704 /run/cups/cups.sock
ffff8cb931e5cc00: 00000003 00000000 00000000 0001 03 27697
ffff8cb901c9d000: 00000003 00000000 00000000 0001 03 24198
ffff8cba0ac3d000: 00000003 00000000 00000000 0001 03 19823 /run/systemd/journal/stdout
ffff8cba118f0800: 00000002 00000000 00010000 0001 01 19707 /run/dbus/system_bus_socket
ffff8cba0cd2c400: 00000003 00000000 00000000 0001 03 30187 /run/user/1000/pulse/native
ffff8cba118f1800: 00000002 00000000 00010000 0001 01 19709 /run/snapd.socket
ffff8cb90d677000: 00000003 00000000 00000000 0001 03 29034
ffff8cb911222800: 00000003 00000000 00000000 0001 03 27227 /run/user/1000/wayland-0
ffff8cb90badbc00: 00000003 00000000 00000000 0001 03 24519
ffff8cb912606800: 00000003 00000000 00000000 0001 03 27872
ffff8cba0c554000: 00000002 00000000 00000000 0002 03 26614
ffff8cba118f3800: 00000002 00000000 00010000 0001 01 19710 /run/snapd-snap.socket
ffff8cba2cb48400: 00000003 00000000 00000000 0001 03 44378 /run/user/1000/wayland-0
ffff8cba06f6ec00: 00000003 00000000 00000000 0001 03 30137 /run/user/1000/pulse/native
ffff8cb911212c00: 00000003 00000000 00000000 0001 03 27272 /run/user/1000/at-spi/bus
ffff8cb901c9d400: 00000003 00000000 00000000 0001 03 24185 /run/user/1000/pipewire-0
ffff8cba0c918000: 00000003 00000000 00000000 0001 03 26066
ffff8cba0ac3d400: 00000003 00000000 00000000 0001 03 19896
ffff8cba0c554400: 00000003 00000000 00000000 0001 03 18259
ffff8cba2cb48000: 00000003 00000000 00000000 0005 03 38756
ffff8cb90f637000: 00000003 00000000 00000000 0001 03 29755
ffff8cb931e5c800: 00000003 00000000 00000000 0001 03 27791
ffff8cba118f1000: 00000002 00000000 00010000 0001 01 19711 /run/uuidd/request
ffff8cba0cd2c000: 00000003 00000000 00000000 0001 03 28416 /run/user/1000/pipewire-0
ffff8cb90badb800: 00000003 00000000 00000000 0001 03 28940 /run/systemd/journal/stdout
ffff8cb912606c00: 00000003 00000000 00000000 0001 03 28925 /run/systemd/journal/stdout
ffff8cb911222c00: 00000003 00000000 00000000 0001 03 26914
ffff8cb90d677400: 00000003 00000000 00000000 0001 03 28996
ffff8cb90f634c00: 00000003 00000000 00000000 0001 03 27984 /run/systemd/journal/stdout
ffff8cb911211000: 00000003 00000000 00000000 0001 03 24348 /run/dbus/system_bus_socket
ffff8cba06f6d000: 00000003 00000000 00000000 0001 03 21116 /run/dbus/system_bus_socket
ffff8cb901c9e800: 00000003 00000000 00000000 0001 03 24155
ffff8cba0c557800: 00000003 00000000 00000000 0001 03 17006 /run/systemd/io.systemd.ManagedOOM
ffff8cba07745000: 00000003 00000000 00000000 0002 03 12233
ffff8cba0cd2fc00: 00000003 00000000 00000000 0001 03 30186
ffff8cb90d674800: 00000003 00000000 00000000 0001 03 29033
ffff8cb911221000: 00000003 00000000 00000000 0001 03 28970 /run/user/1000/bus
ffff8cb912605000: 00000003 00000000 00000000 0001 03 27883
ffff8cb90bad8400: 00000003 00000000 00000000 0001 03 24488
ffff8cba0c91bc00: 00000003 00000000 00000000 0005 03 43621
ffff8cba06f6d400: 00000003 00000000 00000000 0001 03 30111 /run/user/1000/bus
ffff8cba0cd2f800: 00000003 00000000 00000000 0002 03 24646
ffff8cba0ac3ec00: 00000003 00000000 00000000 0001 03 20003
ffff8cba2cb4b800: 00000003 00000000 00000000 0005 03 38778
ffff8cba2cb4bc00: 00000003 00000000 00000000 0001 03 38714
ffff8cb90f634800: 00000003 00000000 00000000 0001 03 29752
ffff8cb931e5f000: 00000003 00000000 00000000 0001 03 27814
ffff8cb911211400: 00000003 00000000 00000000 0001 03 26815
ffff8cb901c9ec00: 00000003 00000000 00000000 0001 03 24249
ffff8cba0c91b800: 00000003 00000000 00000000 0001 03 23735 /run/dbus/system_bus_socket
ffff8cba07745400: 00000002 00000000 00000000 0002 03 20019
ffff8cb901c6e000: 00000003 00000000 00000000 0001 03 27837
ffff8cb90d674c00: 00000003 00000000 00000000 0001 03 29014
ffff8cb90bad8000: 00000003 00000000 00000000 0001 03 28994
ffff8cb911221400: 00000003 00000000 00000000 0001 03 27914 /home/meaow/.cache/ibus/dbus-VbxulDtd
ffff8cb912605400: 00000003 00000000 00000000 0001 03 27892
ffff8cb90d674000: 00000002 00000000 00000000 0002 01 29017
ffff8cba0ac3e000: 00000003 00000000 00000000 0001 03 19895
ffff8cb90f634400: 00000003 00000000 00000000 0001 03 29763
ffff8cb911211800: 00000003 00000000 00000000 0001 03 26818
ffff8cb901c9e000: 00000003 00000000 00000000 0001 03 24167
ffff8cba06f6d800: 00000003 00000000 00000000 0001 03 21115
ffff8cba07745800: 00000003 00000000 00000000 0002 03 12232
ffff8cb912605800: 00000003 00000000 00000000 0001 03 28860 /run/systemd/journal/stdout
ffff8cb911221800: 00000003 00000000 00000000 0001 03 29035 /run/user/1000/bus
ffff8cb90bad8c00: 00000003 00000000 00000000 0001 03 24517
ffff8cba2cb4b400: 00000003 00000000 00000000 0001 03 38734 /run/dbus/system_bus_socket
ffff8cba0c91b400: 00000003 00000000 00000000 0005 03 43622
ffff8cb90f634000: 00000003 00000000 00000000 0001 03 29749 /run/user/1000/bus
ffff8cba0c91b000: 00000003 00000000 00000000 0001 03 38713 /run/user/1000/snap.firefox/wayland-proxy-5309
ffff8cb901c9e400: 00000003 00000000 00000000 0001 03 24181
ffff8cba06f6dc00: 00000003 00000000 00000000 0001 03 21083
ffff8cba0ac3e400: 00000003 00000000 00000000 0001 03 21004 /run/dbus/system_bus_socket
ffff8cb90d674400: 00000003 00000000 00000000 0001 03 27255 /run/user/1000/wayland-0
ffff8cb912605c00: 00000003 00000000 00000000 0001 03 27029 /run/dbus/system_bus_socket
ffff8cb911221c00: 00000003 00000000 00000000 0001 03 26915
ffff8cb90bad8800: 00000003 00000000 00000000 0001 03 24480
ffff8cb931e5e400: 00000003 00000000 00000000 0001 03 26859 /run/user/1000/at-spi/bus
ffff8cb901c9f800: 00000003 00000000 00000000 0001 03 22399 /run/user/1000/bus
ffff8cba2cb4a800: 00000003 00000000 00000000 0001 03 38779
ffff8cb90f635c00: 00000003 00000000 00000000 0001 03 29748
ffff8cba0c556800: 00000003 00000000 00000000 0001 03 14873 /run/systemd/journal/stdout
ffff8cb912604000: 00000003 00000000 00000000 0001 03 29753 /run/user/1000/bus
ffff8cba06f6c000: 00000002 00000000 00000000 0002 01 21082
ffff8cba0cd2ec00: 00000003 00000000 00000000 0001 03 30036
ffff8cb90d675800: 00000003 00000000 00000000 0001 03 29010
ffff8cb90bad9400: 00000003 00000000 00000000 0001 03 24514
ffff8cb911220000: 00000003 00000000 00000000 0001 03 28803 /run/systemd/journal/stdout
ffff8cb91120fc00: 00000002 00000000 00010000 0001 01 26754 /tmp/.ICE-unix/2131
ffff8cba0c91a800: 00000003 00000000 00000000 0001 03 43627
ffff8cba0ac3fc00: 00000003 00000000 00000000 0001 03 19904
ffff8cb901c9fc00: 00000003 00000000 00000000 0001 03 24430
ffff8cb931e5e800: 00000002 00000000 00010000 0001 01 27818 /tmp/.X11-unix/X0
ffff8cb911210400: 00000003 00000000 00000000 0001 03 26814
ffff8cb931e5e000: 00000003 00000000 00000000 0001 03 27760
ffff8cb901207c00: 00000002 00000000 00000000 0002 01 25437 /run/user/1000/systemd/notify
ffff8cba06f6c400: 00000003 00000000 00000000 0001 03 21044
ffff8cba07744400: 00000002 00000000 00000000 0002 03 19754
ffff8cb90d675c00: 00000003 00000000 00000000 0001 03 27138 /run/dbus/system_bus_socket
ffff8cb90bad9000: 00000003 00000000 00000000 0001 03 28941 /run/systemd/journal/stdout
ffff8cb912604400: 00000003 00000000 00000000 0001 03 28914 /run/user/1000/bus
ffff8cba0c541800: 00000002 00000000 00010000 0001 01 25440 /run/user/1000/systemd/private
ffff8cb911220400: 00000003 00000000 00000000 0001 03 28987 /run/user/1000/bus
ffff8cb931e5f400: 00000002 00000000 00010000 0001 01 27820 /tmp/.X11-unix/X1
ffff8cba2ca4f000: 00000002 00000000 00010000 0001 01 25447 /run/user/1000/bus
ffff8cba0cd2e800: 00000003 00000000 00000000 0001 03 21344
ffff8cba0c556c00: 00000002 00000000 00000000 0002 03 14156
ffff8cb90f635400: 00000003 00000000 00000000 0001 03 44952 /run/user/1000/at-spi/bus
ffff8cb931e5ec00: 00000003 00000000 00000000 0001 03 24258 /run/systemd/journal/stdout
ffff8cb901c9f000: 00000003 00000000 00000000 0001 03 24156 /run/dbus/system_bus_socket
ffff8cba2cb4a400: 00000003 00000000 00000000 0005 03 38777
ffff8cba2cb4a000: 00000003 00000000 00000000 0001 03 38694
ffff8cba06f6c800: 00000003 00000000 00000000 0001 03 34522
ffff8cba0ac3f000: 00000003 00000000 00000000 0001 03 21047 /run/dbus/system_bus_socket
ffff8cb90d675000: 00000003 00000000 00000000 0001 03 29011 /run/user/1000/bus
ffff8cb90bad9c00: 00000003 00000000 00000000 0001 03 28995 /run/systemd/journal/stdout
ffff8cb911220800: 00000003 00000000 00000000 0001 03 27058
ffff8cba2ca4e800: 00000002 00000000 00010000 0001 01 25449 /run/user/1000/gnupg/S.dirmngr
ffff8cb912604800: 00000003 00000000 00000000 0001 03 27997
ffff8cba0c556000: 00000002 00000000 00000000 0002 03 18948
ffff8cba2ca4dc00: 00000002 00000000 00010000 0001 01 25451 /run/user/1000/gcr/ssh
ffff8cba0c556400: 00000003 00000000 00000000 0001 03 18955
ffff8cb911210c00: 00000003 00000000 00000000 0001 03 33510
ffff8cba06f6cc00: 00000003 00000000 00000000 0001 03 29493
ffff8cb90f635000: 00000003 00000000 00000000 0001 03 29731
ffff8cb901c9f400: 00000003 00000000 00000000 0001 03 24165
ffff8cba0cd2e000: 00000003 00000000 00000000 0001 03 28410 /run/user/1000/pipewire-0
ffff8cb90d675400: 00000003 00000000 00000000 0001 03 28998 /run/user/1000/bus
ffff8cb911220c00: 00000003 00000000 00000000 0001 03 27116
ffff8cba2ca4fc00: 00000002 00000000 00010000 0001 01 25452 /run/user/1000/keyring/control
ffff8cb90bad9800: 00000003 00000000 00000000 0001 03 24515
ffff8cb912604c00: 00000003 00000000 00000000 0001 03 27890
ffff8cb9011fa400: 00000002 00000000 00010000 0001 01 25454 /run/user/1000/gnupg/S.gpg-agent.browser
ffff8cb931e49400: 00000003 00000000 00000000 0001 03 46361
ffff8cb90f632c00: 00000003 00000000 00000000 0001 03 28036 /run/systemd/journal/stdout
ffff8cb90bb2f800: 00000003 00000000 00000000 0001 03 24387
ffff8cb901c98800: 00000003 00000000 00000000 0001 03 24145 /run/systemd/journal/stdout
ffff8cb9011f8000: 00000002 00000000 00010000 0001 01 25456 /run/user/1000/gnupg/S.gpg-agent.extra
ffff8cb92a4b2000: 00000003 00000000 00000000 0001 03 29450 /run/user/1000/wayland-0
ffff8cb92a4a2000: 00000003 00000000 00000000 0001 03 28025
ffff8cb931e39000: 00000003 00000000 00000000 0001 03 27412 /run/snapd-snap.socket
ffff8cb912613000: 00000003 00000000 00000000 0001 03 27932
ffff8cb90d672800: 00000003 00000000 00000000 0001 03 27177 /run/user/1000/bus
ffff8cb90bb4fc00: 00000003 00000000 00000000 0001 03 24440
ffff8cba10f40800: 00000002 00000000 00010000 0001 01 25458 /run/user/1000/gnupg/S.gpg-agent
ffff8cba01551400: 00000002 00000000 00000000 0002 03 20681
ffff8cb9011f5800: 00000003 00000000 00000000 0005 03 44029
ffff8cba05024400: 00000003 00000000 00000000 0001 03 28110 /run/user/1000/bus
ffff8cb921325000: 00000003 00000000 00000000 0001 03 29708 /run/user/1000/pipewire-0
ffff8cb9011f5c00: 00000003 00000000 00000000 0001 03 26503
ffff8cba10f42800: 00000002 00000000 00010000 0001 01 25460 /run/user/1000/gnupg/S.keyboxd
ffff8cb901206000: 00000003 00000000 00000000 0002 03 25439
ffff8cb92a4b2400: 00000003 00000000 00000000 0001 03 30032
ffff8cba0c541c00: 00000003 00000000 00000000 0001 03 22580 /run/dbus/system_bus_socket
ffff8cba01551000: 00000003 00000000 00000000 0001 03 20941 /run/dbus/system_bus_socket
ffff8cb901206400: 00000003 00000000 00000000 0001 03 45005 /run/user/1000/gvfsd/socket-L5ZvsBjX
ffff8cba0c90d800: 00000003 00000000 00000000 0001 03 44485
ffff8cb90f632800: 00000003 00000000 00000000 0001 03 27335
ffff8cb90bb2fc00: 00000003 00000000 00000000 0001 03 28954 /run/user/1000/bus
ffff8cb901c98c00: 00000003 00000000 00000000 0001 03 22388
ffff8cba10f43000: 00000002 00000000 00010000 0001 01 25462 /run/user/1000/pulse/native
ffff8cb931e39400: 00000003 00000000 00000000 0001 03 27348 /run/user/1000/bus
ffff8cba05024000: 00000003 00000000 00000000 0001 03 27338
ffff8cb92a4a2400: 00000002 00000000 00000000 0002 01 28026
ffff8cb90bb4f800: 00000003 00000000 00000000 0001 03 24458
ffff8cba10f43400: 00000002 00000000 00010000 0001 01 25464 /run/user/1000/pipewire-0
ffff8cb921325400: 00000003 00000000 00000000 0001 03 27197 /run/dbus/system_bus_socket
ffff8cb912613400: 00000003 00000000 00000000 0001 03 27182 /run/systemd/journal/stdout
ffff8cb90d672c00: 00000003 00000000 00000000 0001 03 28978
ffff8cba10f40400: 00000002 00000000 00010000 0001 01 25466 /run/user/1000/pipewire-0-manager
ffff8cb92a4a2800: 00000003 00000000 00000000 0001 03 27340 /run/user/1000/at-spi/bus
ffff8cb90f632400: 00000003 00000000 00000000 0001 03 28099 /run/dbus/system_bus_socket
ffff8cba10f42000: 00000002 00000000 00010000 0001 01 25468 /run/user/1000/pk-debconf-socket
ffff8cba01551c00: 00000003 00000000 00000000 0001 03 21341 /run/dbus/system_bus_socket
ffff8cba0c541400: 00000003 00000000 00000000 0005 03 44713
ffff8cba0c90d400: 00000003 00000000 00000000 0001 03 44507
ffff8cba08743400: 00000003 00000000 00000000 0001 03 30738
ffff8cb90bb2f000: 00000003 00000000 00000000 0001 03 26874 /run/user/1000/bus
ffff8cba10f41400: 00000002 00000000 00010000 0001 01 25470 /run/user/1000/snapd-session-agent.socket
ffff8cb921325800: 00000003 00000000 00000000 0001 03 27247
ffff8cb90d672000: 00000003 00000000 00000000 0001 03 27057 /run/dbus/system_bus_socket
ffff8cb901c98000: 00000002 00000000 00000000 0002 03 22281
ffff8cb9011f5000: 00000003 00000000 00000000 0005 03 44028
ffff8cb9011f5400: 00000003 00000000 00000000 0001 03 43893
ffff8cb931e39c00: 00000003 00000000 00000000 0005 03 43662
ffff8cb931e39800: 00000003 00000000 00000000 0001 03 27346
ffff8cb90bb4f400: 00000003 00000000 00000000 0001 03 29039 /run/systemd/journal/stdout
ffff8cb912613800: 00000003 00000000 00000000 0001 03 28966 /run/user/1000/bus
ffff8cba10f42400: 00000002 00000000 00010000 0001 01 25472 /run/user/1000/speech-dispatcher/speechd.sock
ffff8cba05024c00: 00000003 00000000 00000000 0001 03 14507 /run/systemd/journal/stdout
ffff8cb901206c00: 00000003 00000000 00000000 0001 03 45003
ffff8cba08743000: 00000003 00000000 00000000 0001 03 28362 /run/user/1000/at-spi/bus
ffff8cb92a4b2c00: 00000003 00000000 00000000 0001 03 29841
ffff8cb90bb2f400: 00000003 00000000 00000000 0001 03 24389
ffff8cba10f43800: 00000002 00000000 00010000 0001 01 25480 /run/user/1000/gnupg/S.gpg-agent.ssh
ffff8cba01551800: 00000003 00000000 00000000 0001 03 15056 /run/systemd/journal/stdout
ffff8cba0c541000: 00000003 00000000 00000000 0005 03 44721
ffff8cb901c98400: 00000003 00000000 00000000 0001 03 43801
ffff8cb92a4a2c00: 00000003 00000000 00000000 0001 03 28097
ffff8cb90f632000: 00000003 00000000 00000000 0001 03 27287
ffff8cba0c90d000: 00000003 00000000 00000000 0001 03 25911
ffff8cb90bb4f000: 00000003 00000000 00000000 0001 03 27161
ffff8cb90d672400: 00000003 00000000 00000000 0001 03 28964 /run/user/1000/bus
ffff8cb921325c00: 00000003 00000000 00000000 0001 03 29739 /run/user/1000/gvfsd/socket-ZHPE0IGB
ffff8cb912613c00: 00000003 00000000 00000000 0001 03 27915 /home/meaow/.cache/ibus/dbus-VbxulDtd
ffff8cb90f633c00: 00000003 00000000 00000000 0001 03 29867 /run/user/1000/bus
ffff8cb901c99800: 00000003 00000000 00000000 0001 03 24226 /run/systemd/journal/stdout
ffff8cba0c90cc00: 00000003 00000000 00000000 0001 03 23665 /run/systemd/journal/stdout
ffff8cba0c540c00: 00000003 00000000 00000000 0005 03 44720
ffff8cb92a4a3000: 00000003 00000000 00000000 0001 03 28134
ffff8cba0c540800: 00000003 00000000 00000000 0001 03 21609
ffff8cba01550400: 00000003 00000000 00000000 0001 03 20938
ffff8cb90bb4ec00: 00000003 00000000 00000000 0001 03 24441
ffff8cba05025400: 00000003 00000000 00000000 0001 03 23443
ffff8cba0c557c00: 00000002 00000000 00010000 0001 01 17927 /run/systemd/io.systemd.sysext
ffff8cb931e38000: 00000003 00000000 00000000 0001 03 43656
ffff8cb912612000: 00000003 00000000 00000000 0001 03 27939 /run/user/1000/bus
ffff8cb90d673800: 00000003 00000000 00000000 0001 03 28968
ffff8cb92a4a3400: 00000003 00000000 00000000 0001 03 29887 /run/systemd/journal/stdout
ffff8cb90bb2ec00: 00000003 00000000 00000000 0001 03 28949
ffff8cb901c99c00: 00000003 00000000 00000000 0001 03 24154 /run/dbus/system_bus_socket
ffff8cba01550000: 00000003 00000000 00000000 0001 03 26184 /run/systemd/journal/stdout
ffff8cba08742800: 00000003 00000000 00000000 0001 03 30739
ffff8cb92a4b3400: 00000003 00000000 00000000 0001 03 29449 /run/systemd/journal/stdout
ffff8cb90f633800: 00000003 00000000 00000000 0001 03 27333
ffff8cb931e38400: 00000003 00000000 00000000 0001 03 28114 /run/dbus/system_bus_socket
ffff8cb921324400: 00000003 00000000 00000000 0001 03 27264
ffff8cb90d673c00: 00000003 00000000 00000000 0001 03 28979 /run/systemd/journal/stdout
ffff8cba05025000: 00000003 00000000 00000000 0001 03 14506
ffff8cb912612400: 00000003 00000000 00000000 0001 03 27942 /home/meaow/.cache/ibus/dbus-VbxulDtd
ffff8cb90bb4e800: 00000003 00000000 00000000 0001 03 27162 /run/user/1000/bus
ffff8cb901207400: 00000002 00000000 00000000 0002 03 25419
ffff8cba08742400: 00000003 00000000 00000000 0001 03 30114 /run/user/1000/bus
ffff8cb92a4b3800: 00000003 00000000 00000000 0001 03 30035
ffff8cb901c99000: 00000003 00000000 00000000 0001 03 22401 /run/user/1000/bus
ffff8cba0c90c400: 00000003 00000000 00000000 0001 03 44623
ffff8cb901c99400: 00000003 00000000 00000000 0005 03 43667
ffff8cb92a4a3800: 00000003 00000000 00000000 0001 03 28037
ffff8cb90f633400: 00000003 00000000 00000000 0001 03 27283
ffff8cba10f43c00: 00000002 00000000 00010000 0001 01 22403 /run/user/1000/keyring/pkcs11
ffff8cba01550c00: 00000003 00000000 00000000 0001 03 21340
ffff8cba0c540000: 00000003 00000000 00000000 0001 03 21588
ffff8cb90bb4e400: 00000003 00000000 00000000 0001 03 27267
ffff8cb912612800: 00000003 00000000 00000000 0001 03 27985
ffff8cb9011f4400: 00000003 00000000 00000000 0001 03 47107
ffff8cb90d673000: 00000003 00000000 00000000 0001 03 28992
ffff8cba05025c00: 00000003 00000000 00000000 0001 03 26485 /run/dbus/system_bus_socket
ffff8cb931e38c00: 00000002 00000000 00000000 0002 01 27414
ffff8cb92a4a3c00: 00000003 00000000 00000000 0001 03 28098 /run/dbus/system_bus_socket
ffff8cb90f633000: 00000003 00000000 00000000 0001 03 28014 /run/dbus/system_bus_socket
ffff8cb92a4b3c00: 00000003 00000000 00000000 0001 03 27309 /run/dbus/system_bus_socket
ffff8cb90bb2e400: 00000003 00000000 00000000 0001 03 26863 /run/user/1000/bus
ffff8cba01550800: 00000003 00000000 00000000 0001 03 20937
ffff8cb921324c00: 00000003 00000000 00000000 0001 03 27248
ffff8cb90d673400: 00000003 00000000 00000000 0001 03 28993 /run/systemd/journal/stdout
ffff8cb912612c00: 00000003 00000000 00000000 0001 03 27913
ffff8cba05025800: 00000003 00000000 00000000 0001 03 25442
ffff8cb931e38800: 00000003 00000000 00000000 0005 03 43661
ffff8cb90bb4e000: 00000003 00000000 00000000 0001 03 27269 /run/user/1000/at-spi/bus
ffff8cb92a4a0000: 00000003 00000000 00000000 0001 03 28112 /run/user/1000/bus
ffff8cb901204000: 00000003 00000000 00000000 0001 03 25401
ffff8cb92a4b0000: 00000003 00000000 00000000 0001 03 29878 /run/systemd/journal/stdout
ffff8cb90f630c00: 00000003 00000000 00000000 0001 03 27299
ffff8cb901c9a800: 00000003 00000000 00000000 0001 03 22379
ffff8cba05026400: 00000003 00000000 00000000 0001 03 27337
ffff8cb912611000: 00000003 00000000 00000000 0001 03 27912
ffff8cba01553400: 00000003 00000000 00000000 0002 03 20687
ffff8cb931e3b000: 00000003 00000000 00000000 0001 03 27347
ffff8cb921327000: 00000003 00000000 00000000 0001 03 27259 /run/user/1000/gvfsd/socket-lzmaUhzW
ffff8cb90d670800: 00000003 00000000 00000000 0001 03 29045
ffff8cb90bb4dc00: 00000003 00000000 00000000 0001 03 28835 /run/user/1000/bus
ffff8cb9011f7c00: 00000003 00000000 00000000 0001 03 26512
ffff8cba08741800: 00000003 00000000 00000000 0001 03 28346 /run/systemd/journal/stdout
ffff8cb92a4b0400: 00000003 00000000 00000000 0001 03 30034
ffff8cb90f630800: 00000003 00000000 00000000 0001 03 29200 /run/user/1000/bus
ffff8cb90bb2dc00: 00000003 00000000 00000000 0001 03 28953
ffff8cb92a4a0400: 00000003 00000000 00000000 0001 03 44722
ffff8cba0c90fc00: 00000003 00000000 00000000 0005 03 44679
ffff8cba0c90f800: 00000003 00000000 00000000 0001 03 44486
ffff8cb901c9ac00: 00000003 00000000 00000000 0001 03 26589
ffff8cb912611400: 00000003 00000000 00000000 0001 03 27941
ffff8cb90d670c00: 00000003 00000000 00000000 0001 03 27181 /run/systemd/journal/stdout
ffff8cb912611800: 00000002 00000000 00010000 0001 01 27909 /home/meaow/.cache/ibus/dbus-VbxulDtd
ffff8cb9011f7800: 00000003 00000000 00000000 0001 03 22356 /run/systemd/journal/stdout
ffff8cba01553000: 00000003 00000000 00000000 0002 03 20688
ffff8cba0c543c00: 00000002 00000000 00000000 0002 03 13988
ffff8cb931e3b400: 00000003 00000000 00000000 0001 03 27405
ffff8cba05026000: 00000003 00000000 00000000 0001 03 27336 /run/user/1000/wayland-0
ffff8cb921327400: 00000003 00000000 00000000 0001 03 29750 /run/user/1000/bus
ffff8cb90bb4d800: 00000003 00000000 00000000 0001 03 28872 /run/systemd/journal/stdout
ffff8cb901204400: 00000002 00000000 00000000 0002 03 25426
ffff8cba08741400: 00000003 00000000 00000000 0001 03 30110 /run/user/1000/wayland-0
ffff8cb90f630400: 00000003 00000000 00000000 0001 03 28017 /run/systemd/journal/stdout
ffff8cba0c90f400: 00000003 00000000 00000000 0001 03 43851
ffff8cb92a4a0800: 00000003 00000000 00000000 0001 03 28113
ffff8cb931e4bc00: 00000003 00000000 00000000 0001 03 28805 @/tmp/.ICE-unix/2131
ffff8cba0c543000: 00000003 00000000 00000000 0001 03 21566
ffff8cba05026c00: 00000002 00000000 00000000 0002 03 14514
ffff8cb931e3b800: 00000003 00000000 00000000 0001 03 28117 /run/user/1000/pipewire-0
ffff8cb90bb4d400: 00000003 00000000 00000000 0001 03 27274
ffff8cb90d670000: 00000003 00000000 00000000 0001 03 28981 /run/systemd/journal/stdout
ffff8cb9011f7400: 00000003 00000000 00000000 0001 03 47106
ffff8cb921327800: 00000003 00000000 00000000 0001 03 27201 /run/dbus/system_bus_socket
ffff8cb901204800: 00000003 00000000 00000000 0002 03 25438
ffff8cb9011f7000: 00000002 00000000 00000000 0002 03 47270
ffff8cb931e4b800: 00000003 00000000 00000000 0001 03 27832
ffff8cb90bb2d400: 00000003 00000000 00000000 0001 03 24388
ffff8cba0c543400: 00000003 00000000 00000000 0001 03 21316 /run/systemd/journal/stdout
ffff8cba0c90f000: 00000003 00000000 00000000 0001 03 44622
ffff8cb901c9a000: 00000003 00000000 00000000 0005 03 43668
ffff8cb92a4a0c00: 00000003 00000000 00000000 0001 03 28094
ffff8cb90f630000: 00000003 00000000 00000000 0001 03 27302
ffff8cb92a4b0c00: 00000003 00000000 00000000 0001 03 29802 /run/systemd/journal/stdout
ffff8cba05026800: 00000003 00000000 00000000 0002 03 14519
ffff8cb931e3bc00: 00000003 00000000 00000000 0001 03 33781 /run/user/1000/bus
ffff8cb921327c00: 00000003 00000000 00000000 0001 03 27251
ffff8cb90bb4d000: 00000003 00000000 00000000 0001 03 27158
ffff8cb912611c00: 00000003 00000000 00000000 0001 03 27916
ffff8cba01553800: 00000002 00000000 00000000 0002 03 20936
ffff8cb90d670400: 00000003 00000000 00000000 0001 03 28962
ffff8cb91120f000: 00000002 00000000 00010000 0001 01 26769 /run/user/1000/keyring/ssh
ffff8cb92a4b1000: 00000003 00000000 00000000 0001 03 29801
ffff8cb901c9b800: 00000003 00000000 00000000 0001 03 24170 /run/dbus/system_bus_socket
ffff8cba0c542800: 00000003 00000000 00000000 0001 03 21610 /run/systemd/journal/stdout
ffff8cba0c90ec00: 00000003 00000000 00000000 0001 03 43850
ffff8cb90f631c00: 00000003 00000000 00000000 0001 03 27320
ffff8cb92a4a1000: 00000003 00000000 00000000 0001 03 28093
ffff8cba01552400: 00000003 00000000 00000000 0001 03 26183
ffff8cb921326000: 00000003 00000000 00000000 0001 03 27196
ffff8cb90d671800: 00000003 00000000 00000000 0001 03 28969 /run/user/1000/bus
ffff8cb931e3a000: 00000003 00000000 00000000 0001 03 27411
ffff8cba05027400: 00000003 00000000 00000000 0001 03 27339 /run/user/1000/at-spi/bus
ffff8cb912610000: 00000003 00000000 00000000 0001 03 27256 /run/user/1000/wayland-0
ffff8cb90bb4cc00: 00000003 00000000 00000000 0001 03 28822 /run/systemd/journal/stdout
ffff8cb92a4a1400: 00000003 00000000 00000000 0001 03 27288 /run/dbus/system_bus_socket
ffff8cba0c90e800: 00000003 00000000 00000000 0001 03 44506
ffff8cba08740800: 00000003 00000000 00000000 0001 03 30740
ffff8cb90f631800: 00000003 00000000 00000000 0001 03 27298
ffff8cb90bb2cc00: 00000003 00000000 00000000 0001 03 28950 /run/user/1000/bus
ffff8cb901c9bc00: 00000003 00000000 00000000 0001 03 22400
ffff8cb921326400: 00000003 00000000 00000000 0001 03 27200
ffff8cb912610400: 00000003 00000000 00000000 0001 03 27938
ffff8cb90bb4c800: 00000003 00000000 00000000 0001 03 27175
ffff8cba01552000: 00000003 00000000 00000000 0002 03 20686
ffff8cb931e3a400: 00000003 00000000 00000000 0001 03 27341
ffff8cb90d671c00: 00000003 00000000 00000000 0001 03 28980
ffff8cba05027000: 00000003 00000000 00000000 0001 03 21338 /run/dbus/system_bus_socket
ffff8cb90f631400: 00000003 00000000 00000000 0001 03 28018 /run/user/1000/bus
ffff8cb931e4ac00: 00000003 00000000 00000000 0001 03 46362 /run/user/1000/gvfsd/socket-kwLedYW7
ffff8cba0c542400: 00000003 00000000 00000000 0005 03 44714
ffff8cba0c90e000: 00000003 00000000 00000000 0005 03 44619
ffff8cba08740400: 00000003 00000000 00000000 0001 03 30735
ffff8cb92a4b1800: 00000003 00000000 00000000 0001 03 27636 /run/user/1000/bus
ffff8cb92a4a1800: 00000003 00000000 00000000 0001 03 28038
ffff8cb90bb2c000: 00000003 00000000 00000000 0001 03 26865 /run/user/1000/at-spi/bus
ffff8cb911212000: 00000002 00000000 00010000 0001 01 26809 /run/user/1000/at-spi/bus
ffff8cb901c9b000: 00000003 00000000 00000000 0001 03 22398
ffff8cba01552c00: 00000003 00000000 00000000 0001 03   720
ffff8cba05027c00: 00000003 00000000 00000000 0002 03 14518
ffff8cb931e3a800: 00000003 00000000 00000000 0001 03 29899 /run/user/1000/wayland-0
ffff8cb921326800: 00000003 00000000 00000000 0001 03 27258
ffff8cb9011f6400: 00000003 00000000 00000000 0001 03 22355 /run/systemd/journal/stdout
ffff8cb912610800: 00000003 00000000 00000000 0001 03 29160 /run/user/1000/bus
ffff8cb90d671000: 00000003 00000000 00000000 0001 03 29057
ffff8cb90bb4c400: 00000003 00000000 00000000 0001 03 29044 /run/systemd/journal/stdout
ffff8cb92a4b1c00: 00000003 00000000 00000000 0001 03 29877
ffff8cb90f631000: 00000003 00000000 00000000 0001 03 28035 /run/systemd/journal/stdout
ffff8cb901c9b400: 00000003 00000000 00000000 0001 03 43800
ffff8cba0c90e400: 00000003 00000000 00000000 0005 03 44618
ffff8cb92a4a1c00: 00000003 00000000 00000000 0001 03 28111
ffff8cb901205c00: 00000003 00000000 00000000 0001 03 22314 /run/systemd/journal/stdout
ffff8cba01552800: 00000003 00000000 00000000 0002 03 20689
ffff8cb9011f6000: 00000003 00000000 00000000 0001 03 43894
ffff8cb931e3ac00: 00000003 00000000 00000000 0001 03 43657
ffff8cb921326c00: 00000003 00000000 00000000 0001 03 29709 /run/user/1000/pulse/native
ffff8cb912610c00: 00000003 00000000 00000000 0001 03 28982 /run/user/1000/bus
ffff8cb90d671400: 00000003 00000000 00000000 0001 03 28963
ffff8cb90bb4c000: 00000003 00000000 00000000 0001 03 28839 /run/systemd/journal/stdout
ffff8cba05027800: 00000003 00000000 00000000 0001 03 26487 /run/systemd/oom/io.systemd.ManagedOOM
ffff8cb90f5ed000: 00000003 00000000 00000000 0001 03 24523
ffff8cba05ec6800: 00000003 00000000 00000000 0001 03 21005
ffff8cb92a4ae000: 00000003 00000000 00000000 0001 03 29191
ffff8cb931e5fc00: 00000002 00000000 00010000 0001 01 27821 /run/user/1000/wayland-0
ffff8cb9011f9c00: 00000003 00000000 00000000 0001 03 44939 /run/systemd/journal/stdout
ffff8cb9011e9c00: 00000003 00000000 00000000 0001 03 38781
ffff8cb91260f000: 00000003 00000000 00000000 0001 03 28960 /run/user/1000/bus
ffff8cb931e65400: 00000003 00000000 00000000 0001 03 26633
ffff8cba118f1c00: 00000003 00000000 00000000 0001 03 20843 /run/systemd/journal/stdout
ffff8cba0562e400: 00000003 00000000 00000000 0001 03 21313 /run/systemd/journal/stdout
ffff8cba04bf3800: 00000003 00000000 00000000 0001 03 20052 /run/systemd/journal/stdout
ffff8cb90f5ed400: 00000003 00000000 00000000 0001 03 24544
ffff8cb931d96c00: 00000003 00000000 00000000 0001 03 24021
ffff8cba05ec6c00: 00000003 00000000 00000000 0001 03 19840 /run/systemd/journal/stdout
ffff8cb9011f9800: 00000003 00000000 00000000 0001 03 44938 /run/systemd/journal/stdout
ffff8cb9011e9800: 00000003 00000000 00000000 0001 03 26194
ffff8cb91260f400: 00000003 00000000 00000000 0001 03 27899
ffff8cb931e65000: 00000003 00000000 00000000 0001 03 22484 /run/systemd/journal/stdout
ffff8cba0562e000: 00000003 00000000 00000000 0001 03 21055 /run/dbus/system_bus_socket
ffff8cba04bf3c00: 00000003 00000000 00000000 0001 03 19922 /run/systemd/journal/stdout
ffff8cb90f5ed800: 00000003 00000000 00000000 0001 03 27252 /run/user/1000/wayland-0
ffff8cba04bf3000: 00000002 00000000 00000000 0002 03 19294
ffff8cba05ec6000: 00000003 00000000 00000000 0001 03 21013 /run/dbus/system_bus_socket
ffff8cb9011e9400: 00000003 00000000 00000000 0001 03 46341
ffff8cb931e65c00: 00000003 00000000 00000000 0001 03 25573
ffff8cb931d96000: 00000002 00000000 00000000 0002 03 25566
ffff8cba118f1400: 00000003 00000000 00000000 0001 03 20942 /run/dbus/system_bus_socket
ffff8cb9011f9400: 00000003 00000000 00000000 0001 03 45319
ffff8cb91260f800: 00000003 00000000 00000000 0001 03 27139
ffff8cba0562ec00: 00000003 00000000 00000000 0001 03 19981 /run/systemd/journal/stdout
ffff8cb90f5edc00: 00000003 00000000 00000000 0001 03 24537
ffff8cb931d96400: 00000002 00000000 00000000 0001 03 25304 /run/gdm3/dbus/dbus-PocDgI5l
ffff8cba05ec6400: 00000003 00000000 00000000 0001 03 20957
ffff8cba0562e800: 00000003 00000000 00000000 0001 03 22537
ffff8cb9011f9000: 00000003 00000000 00000000 0001 03 45238
ffff8cb91260fc00: 00000003 00000000 00000000 0001 03 27894
ffff8cb931e65800: 00000003 00000000 00000000 0001 03 24277 /run/systemd/journal/stdout
ffff8cb9011e9000: 00000003 00000000 00000000 0001 03 23808 /run/dbus/system_bus_socket
ffff8cb931d97800: 00000003 00000000 00000000 0001 03 25354 /run/dbus/system_bus_socket
ffff8cb90f5ec000: 00000003 00000000 00000000 0001 03 24538 /run/user/1000/bus
ffff8cba04bf2800: 00000002 00000000 00000000 0002 03 19246
ffff8cba05ec7800: 00000003 00000000 00000000 0001 03 19830 /run/systemd/journal/stdout
ffff8cb931e64400: 00000003 00000000 00000000 0001 03 26700
ffff8cb9011e8c00: 00000003 00000000 00000000 0001 03 26297
ffff8cb9011f8c00: 00000003 00000000 00000000 0001 03 45524
ffff8cb91260e000: 00000003 00000000 00000000 0001 03 27902
ffff8cb90f5ec400: 00000003 00000000 00000000 0001 03 24543
ffff8cb931d97c00: 00000003 00000000 00000000 0001 03 22273 /run/systemd/journal/stdout
ffff8cba05ec7c00: 00000003 00000000 00000000 0001 03 20990
ffff8cb9011e8800: 00000002 00000000 00000000 0002 01 46343
ffff8cb92a4af400: 00000003 00000000 00000000 0001 03 29188
ffff8cb91260e400: 00000003 00000000 00000000 0001 03 24531 /run/user/1000/bus
ffff8cb9011f8800: 00000003 00000000 00000000 0001 03 45237
ffff8cb931e64000: 00000003 00000000 00000000 0001 03 24161 /run/dbus/system_bus_socket
ffff8cba04bf2c00: 00000003 00000000 00000000 0001 03 20971 /run/dbus/system_bus_socket
ffff8cb90f5ec800: 00000003 00000000 00000000 0001 03 24558
ffff8cba118f0400: 00000002 00000000 00000000 0002 03 19636
ffff8cb931d97000: 00000003 00000000 00000000 0001 03 25568
ffff8cba0562fc00: 00000002 00000000 00000000 0002 03 17343
ffff8cba05ec7000: 00000003 00000000 00000000 0001 03 19855 /run/systemd/journal/stdout
ffff8cb9011e8400: 00000003 00000000 00000000 0001 03 24139
ffff8cb9011f8400: 00000003 00000000 00000000 0001 03 33789
ffff8cb91260e800: 00000003 00000000 00000000 0001 03 27898
ffff8cb931e64c00: 00000003 00000000 00000000 0001 03 22385 /run/user/1000/bus
ffff8cba04bf2000: 00000003 00000000 00000000 0001 03 21092 /run/dbus/system_bus_socket
ffff8cb931d97400: 00000003 00000000 00000000 0001 03 24251 /run/systemd/journal/stdout
ffff8cb92a4afc00: 00000003 00000000 00000000 0001 03 29178
ffff8cb90f5ecc00: 00000003 00000000 00000000 0001 03 27253 /run/user/1000/wayland-0
ffff8cb9011e8000: 00000003 00000000 00000000 0001 03 38869
ffff8cb91260ec00: 00000003 00000000 00000000 0001 03 28945 /run/user/1000/bus
ffff8cb931e64800: 00000003 00000000 00000000 0001 03 26637
ffff8cba0872e400: 00000003 00000000 00000000 0001 03 21411 /run/dbus/system_bus_socket
ffff8cba0562f800: 00000003 00000000 00000000 0001 03 21343
ffff8cba04bf2400: 00000003 00000000 00000000 0001 03 19289
ffff8cba05ec7400: 00000002 00000000 00000000 0002 01 21010
ffff8cb90f5ef000: 00000003 00000000 00000000 0001 03 24542
ffff8cb931d94800: 00000003 00000000 00000000 0001 03 24019
ffff8cba04bf1800: 00000002 00000000 00000000 0002 01 19292
ffff8cb9011fbc00: 00000003 00000000 00000000 0001 03 47138 /run/dbus/system_bus_socket
ffff8cb91260d000: 00000003 00000000 00000000 0001 03 28944 /run/user/1000/bus
ffff8cb9011ebc00: 00000003 00000000 00000000 0001 03 26280
ffff8cba0562c400: 00000003 00000000 00000000 0001 03 17353
ffff8cb931e67400: 00000003 00000000 00000000 0001 03 22394 /run/user/1000/bus
ffff8cba118f3c00: 00000003 00000000 00000000 0001 03 19737
ffff8cb92a4ac400: 00000003 00000000 00000000 0001 03 29189 /run/user/1000/bus
ffff8cb931d94c00: 00000003 00000000 00000000 0001 03 26433 /run/gdm3/dbus/dbus-6TnqHt3O
ffff8cba05ec4c00: 00000003 00000000 00000000 0001 03 20970
ffff8cb90f5ef400: 00000003 00000000 00000000 0001 03 29030 /run/systemd/journal/stdout
ffff8cb9011eb800: 00000002 00000000 00000000 0002 01 26193
ffff8cb91260d400: 00000003 00000000 00000000 0001 03 27054 /run/cups/cups.sock
ffff8cb931e67000: 00000003 00000000 00000000 0001 03 25587
ffff8cba04bf1c00: 00000003 00000000 00000000 0001 03 19267
ffff8cba0562c000: 00000003 00000000 00000000 0001 03 17247
ffff8cb9011fb800: 00000003 00000000 00000000 0001 03 45402
ffff8cb90f5ef800: 00000003 00000000 00000000 0001 03 24522
ffff8cb931d94000: 00000003 00000000 00000000 0001 03 22272 /run/systemd/journal/stdout
ffff8cba0562cc00: 00000003 00000000 00000000 0001 03 17338
ffff8cb9011fb400: 00000003 00000000 00000000 0001 03 45320
ffff8cb91260d800: 00000003 00000000 00000000 0001 03 27905
ffff8cb931e67c00: 00000003 00000000 00000000 0001 03 24160 /run/dbus/system_bus_socket
ffff8cb9011eb400: 00000003 00000000 00000000 0001 03 24913 /run/systemd/journal/stdout
ffff8cba04bf1000: 00000003 00000000 00000000 0001 03 19804 /run/systemd/journal/stdout
ffff8cba05ec4400: 00000003 00000000 00000000 0001 03 21012
ffff8cb90f5efc00: 00000003 00000000 00000000 0001 03 27254 /run/user/1000/wayland-0
ffff8cb931d94400: 00000003 00000000 00000000 0001 03 25567
ffff8cb9011eb000: 00000003 00000000 00000000 0001 03 46342
ffff8cb91260dc00: 00000003 00000000 00000000 0001 03 28946 /run/user/1000/bus
ffff8cb931e67800: 00000003 00000000 00000000 0001 03 26718
ffff8cba04bf1400: 00000003 00000000 00000000 0001 03 19293
ffff8cb9011fb000: 00000003 00000000 00000000 0001 03 45523
ffff8cba0872d400: 00000003 00000000 00000000 0001 03 21672
ffff8cba0562c800: 00000003 00000000 00000000 0001 03 19824 /run/systemd/journal/stdout
ffff8cba05ec5800: 00000003 00000000 00000000 0001 03 24118
ffff8cb92a4ad000: 00000003 00000000 00000000 0001 03 29251
ffff8cb90f5ee000: 00000003 00000000 00000000 0001 03 29031 /run/systemd/journal/stdout
ffff8cb931e66400: 00000002 00000000 00000000 0002 01 26641
ffff8cb931d95800: 00000003 00000000 00000000 0001 03 24022
ffff8cba118f2c00: 00000003 00000000 00000000 0001 03 15051 /run/systemd/journal/stdout
ffff8cb9011fac00: 00000003 00000000 00000000 0001 03 45403
ffff8cb91260c000: 00000003 00000000 00000000 0001 03 27908
ffff8cb9011eac00: 00000003 00000000 00000000 0001 03 22365 /run/systemd/journal/stdout
ffff8cba04bf0800: 00000003 00000000 00000000 0001 03 19844 /run/systemd/journal/stdout
ffff8cb92a4ad400: 00000003 00000000 00000000 0001 03 27300 /run/dbus/system_bus_socket
ffff8cb90f5ee400: 00000003 00000000 00000000 0001 03 28952 /run/user/1000/bus
ffff8cb931d95c00: 00000003 00000000 00000000 0001 03 24020
ffff8cba05ec5c00: 00000003 00000000 00000000 0001 03 20991 /run/dbus/system_bus_socket
ffff8cb9011ea800: 00000003 00000000 00000000 0001 03 38868
ffff8cb91260c400: 00000003 00000000 00000000 0001 03 27053 /run/dbus/system_bus_socket
ffff8cba04bf0c00: 00000003 00000000 00000000 0001 03 19207
ffff8cb9011fa800: 00000003 00000000 00000000 0001 03 45408
ffff8cb931e66000: 00000003 00000000 00000000 0001 03 24186 /run/user/1000/pipewire-0
ffff8cba0562d000: 00000003 00000000 00000000 0001 03 20855 /run/systemd/journal/stdout
ffff8cb92a4ad800: 00000003 00000000 00000000 0001 03 29882 /run/user/1000/bus
ffff8cb90f5ee800: 00000003 00000000 00000000 0001 03 29037 /run/user/1000/bus
ffff8cb91260c800: 00000003 00000000 00000000 0001 03 27056 /run/dbus/system_bus_socket
ffff8cb931e66c00: 00000003 00000000 00000000 0001 03 25572
ffff8cba04bf0000: 00000003 00000000 00000000 0001 03 19228
ffff8cb9011ea400: 00000003 00000000 00000000 0001 03 44941 /run/user/1000/gvfsd/socket-yX63cjZl
ffff8cba05ec5000: 00000002 00000000 00000000 0002 03 20959
ffff8cba118f2400: 00000003 00000000 00000000 0001 03 15050
ffff8cb92a4adc00: 00000003 00000000 00000000 0001 03 29179 /home/meaow/.cache/ibus/dbus-VbxulDtd
ffff8cb90f5eec00: 00000003 00000000 00000000 0001 03 24524
ffff8cb931d95000: 00000003 00000000 00000000 0005 03 44680
ffff8cba05ec5400: 00000003 00000000 00000000 0001 03 22357 /run/systemd/journal/stdout
ffff8cba0562d800: 00000003 00000000 00000000 0001 03 17151
ffff8cb9011ea000: 00000003 00000000 00000000 0001 03 45405 /run/user/1000/bus
ffff8cb9011fa000: 00000003 00000000 00000000 0001 03 33788
ffff8cb91260cc00: 00000003 00000000 00000000 0001 03 27893
ffff8cb931e66800: 00000003 00000000 00000000 0001 03 24196 /run/user/1000/pipewire-0
ffff8cba04bf0400: 00000003 00000000 00000000 0001 03 21009 /run/dbus/system_bus_socket
ffff8cb90d68a400: 00000003 00000000 00000000 0001 03 29169
ffff8cb90f62ac00: 00000003 00000000 00000000 0001 03 29704
ffff8cb90d65a800: 00000003 00000000 00000000 0001 03 28927 /run/systemd/journal/stdout
ffff8cba0c915c00: 00000003 00000000 00000000 0001 03 24313
ffff8cb92a4aa000: 00000003 00000000 00000000 0001 03 28016
ffff8cb90e4b8400: 00000003 00000000 00000000 0001 03 22432 /run/user/1000/bus
ffff8cb9011edc00: 00000003 00000000 00000000 0001 03 44902
ffff8cb9011ed800: 00000003 00000000 00000000 0005 03 44741
ffff8cba0cd31c00: 00000003 00000000 00000000 0001 03 23509
ffff8cb92a4aa400: 00000003 00000000 00000000 0001 03 27998
ffff8cb90d68a000: 00000003 00000000 00000000 0001 03 29751 /run/user/1000/bus
ffff8cb90f62a800: 00000003 00000000 00000000 0001 03 29712 /run/user/1000/pipewire-0
ffff8cb90e4b8000: 00000003 00000000 00000000 0001 03 28714 /run/systemd/journal/stdout
ffff8cb90d65ac00: 00000002 00000000 00000000 0002 01 28923
ffff8cba0cd31800: 00000003 00000000 00000000 0001 03 23503
ffff8cba07747800: 00000003 00000000 00000000 0002 03 12231 /run/systemd/notify
ffff8cb91120f400: 00000002 00000000 00000000 0002 01 26765
ffff8cba07744c00: 00000002 00000000 00010000 0001 01 12234 /run/systemd/private
ffff8cb90d68a800: 00000003 00000000 00000000 0005 03 44740
ffff8cb92a4aa800: 00000003 00000000 00000000 0001 03 28009 /run/dbus/system_bus_socket
ffff8cb91120f800: 00000003 00000000 00000000 0001 03 26739
ffff8cba10f42c00: 00000003 00000000 00000000 0001 03 22411 /run/user/1000/bus
ffff8cba0c915400: 00000003 00000000 00000000 0001 03 43344 /run/systemd/journal/stdout
ffff8cb90d68ac00: 00000003 00000000 00000000 0001 03 27266 /run/user/1000/at-spi/bus
ffff8cb90f62a400: 00000003 00000000 00000000 0001 03 29697 /run/systemd/journal/stdout
ffff8cb90d65a000: 00000003 00000000 00000000 0001 03 28948
ffff8cb90e4b8c00: 00000003 00000000 00000000 0001 03 26688 /run/systemd/journal/stdout
ffff8cba07746c00: 00000002 00000000 00010000 0001 01 12236 /run/systemd/userdb/io.systemd.DynamicUser
ffff8cba07747c00: 00000002 00000000 00010000 0001 01 12237 /run/systemd/io.systemd.ManagedOOM
ffff8cb9011ed400: 00000003 00000000 00000000 0001 03 22408 /run/user/1000/bus
ffff8cba0cd31400: 00000003 00000000 00000000 0001 03 21735 /run/dbus/system_bus_socket
ffff8cba0c915000: 00000003 00000000 00000000 0001 03 34521
ffff8cb92a4aac00: 00000003 00000000 00000000 0001 03 27270 /run/user/1000/at-spi/bus
ffff8cb90e4b8800: 00000003 00000000 00000000 0001 03 22429
ffff8cb90f62a000: 00000003 00000000 00000000 0001 03 24561 /run/user/1000/bus
ffff8cb90d65a400: 00000003 00000000 00000000 0001 03 28931
ffff8cba07744800: 00000002 00000000 00000000 0002 01 12251 /run/systemd/journal/syslog
ffff8cba0c91ac00: 00000002 00000000 00010000 0001 01 43625 /run/user/1000/snap.firefox/wayland-proxy-5309
ffff8cba07746800: 00000002 00000000 00010000 0001 01 12252 /run/systemd/fsck.progress
ffff8cb90d68b400: 00000003 00000000 00000000 0001 03 44727
ffff8cb92a4ab000: 00000003 00000000 00000000 0001 03 28008
ffff8cb90f62bc00: 00000003 00000000 00000000 0001 03 27228 /home/meaow/.cache/ibus/dbus-VbxulDtd
ffff8cb90d65b800: 00000003 00000000 00000000 0001 03 28917
ffff8cb931e50400: 00000003 00000000 00000000 0001 03 26900
ffff8cb91120e000: 00000003 00000000 00000000 0001 03 26721 /run/user/1000/bus
ffff8cb90e4b9400: 00000003 00000000 00000000 0001 03 24253 /run/dbus/system_bus_socket
ffff8cba0c542000: 00000002 00000000 00010000 0001 01 21620 /run/gdm3/dbus/dbus-6TnqHt3O
ffff8cba07747000: 00000011 00000000 00000000 0002 03 12254 /run/systemd/journal/dev-log
ffff8cb9011ecc00: 00000003 00000000 00000000 0001 03 44825
ffff8cba0c540400: 00000002 00000000 00010000 0001 01 21621 /run/gdm3/dbus/dbus-PocDgI5l
ffff8cba07747400: 00000009 00000000 00000000 0002 03 12256 /run/systemd/journal/socket
ffff8cba07744000: 00000002 00000000 00010000 0001 01 12258 /run/systemd/journal/stdout
ffff8cb90d68b000: 00000003 00000000 00000000 0001 03 44728
ffff8cba0cd40c00: 00000003 00000000 00000000 0001 03 27417 /run/snapd-snap.socket
ffff8cb90f62b800: 00000003 00000000 00000000 0001 03 29699
ffff8cb91120e400: 00000003 00000000 00000000 0001 03 29063
ffff8cb90e4b9000: 00000003 00000000 00000000 0001 03 28800
ffff8cb92a4ab400: 00000003 00000000 00000000 0001 03 46359
ffff8cb90d65bc00: 00000003 00000000 00000000 0001 03 28926
ffff8cba07745c00: 00000002 00000000 00010000 0001 01 12260 /run/systemd/oom/io.systemd.ManagedOOM
ffff8cb9011ec800: 00000003 00000000 00000000 0001 03 44748
ffff8cba07746000: 00000002 00000000 00010000 0005 01 12262 /run/udev/control
ffff8cba0cd30800: 00000003 00000000 00000000 0001 03 21366 /run/systemd/journal/stdout
ffff8cb90f62b400: 00000003 00000000 00000000 0001 03 29789
ffff8cb92a4ab800: 00000003 00000000 00000000 0001 03 29757 /run/user/1000/bus
ffff8cb90d68bc00: 00000003 00000000 00000000 0001 03 29162
ffff8cb90e4b9c00: 00000003 00000000 00000000 0001 03 28713
ffff8cb90d65b000: 00000003 00000000 00000000 0001 03 28840
ffff8cb9011ec400: 00000003 00000000 00000000 0001 03 44824
ffff8cb91120e800: 00000002 00000000 00000000 0002 03 26764
ffff8cba0cd30400: 00000003 00000000 00000000 0001 03 23487 /run/dbus/system_bus_socket
ffff8cb90d65b400: 00000003 00000000 00000000 0001 03 28841 /run/systemd/journal/stdout
ffff8cb90f62b000: 00000003 00000000 00000000 0001 03 29196 /run/user/1000/bus
ffff8cb92a4abc00: 00000003 00000000 00000000 0001 03 28001
ffff8cb90d68b800: 00000003 00000000 00000000 0001 03 29756 /run/user/1000/bus
ffff8cb90e4b9800: 00000003 00000000 00000000 0001 03 26906 /run/user/1000/bus
ffff8cba0cd30000: 00000003 00000000 00000000 0001 03 23476
ffff8cb9011ec000: 00000003 00000000 00000000 0001 03 24225 /run/systemd/journal/stdout
ffff8cb90d688400: 00000003 00000000 00000000 0001 03 29167
ffff8cb90d658800: 00000003 00000000 00000000 0001 03 28824 /run/systemd/journal/stdout
ffff8cb91120d000: 00000003 00000000 00000000 0001 03 26750
ffff8cb92a4a8000: 00000003 00000000 00000000 0001 03 28002
ffff8cb90f628c00: 00000003 00000000 00000000 0001 03 27224 /run/user/1000/bus
ffff8cb90e4ba400: 00000003 00000000 00000000 0001 03 26910 /run/systemd/journal/stdout
ffff8cba0c917c00: 00000003 00000000 00000000 0001 03 24314 /run/user/1000/bus
ffff8cba0cd33c00: 00000003 00000000 00000000 0002 03 24647
ffff8cb9011efc00: 00000003 00000000 00000000 0001 03 44747
ffff8cb92a4a8400: 00000003 00000000 00000000 0001 03 45000 /run/user/1000/bus
ffff8cb90d688000: 00000003 00000000 00000000 0001 03 46344
ffff8cb90f628800: 00000003 00000000 00000000 0001 03 29711
ffff8cb90d658c00: 00000003 00000000 00000000 0001 03 28921 /run/systemd/journal/stdout
ffff8cb90e4ba000: 00000003 00000000 00000000 0001 03 22436
ffff8cb91120d400: 00000003 00000000 00000000 0001 03 24563 /run/user/1000/bus
ffff8cba10f40000: 00000003 00000000 00000000 0001 03 25553
ffff8cba0c542c00: 00000002 00000000 00010000 0001 01 13985 /run/systemd/journal/io.systemd.journal
ffff8cb92a4a8800: 00000003 00000000 00000000 0001 03 28003 /run/dbus/system_bus_socket
ffff8cb90d688c00: 00000003 00000000 00000000 0001 03 29170
ffff8cb90f628400: 00000003 00000000 00000000 0001 03 24560
ffff8cb90e4bac00: 00000003 00000000 00000000 0001 03 22482
ffff8cb90d658000: 00000003 00000000 00000000 0001 03 28823
ffff8cb91120d800: 00000003 00000000 00000000 0001 03 24300 /run/systemd/journal/stdout
ffff8cba10f40c00: 00000003 00000000 00000000 0001 03 22428
ffff8cba0c917400: 00000003 00000000 00000000 0001 03 24980 /run/dbus/system_bus_socket
ffff8cb9011ef400: 00000003 00000000 00000000 0001 03 26575
ffff8cba0cd33400: 00000003 00000000 00000000 0001 03 23486
ffff8cb90d658400: 00000003 00000000 00000000 0001 03 29064 /run/user/1000/wayland-0
ffff8cb90d688800: 00000003 00000000 00000000 0001 03 45407 /run/user/1000/wayland-0
ffff8cb92a4a8c00: 00000003 00000000 00000000 0001 03 28000
ffff8cb90f628000: 00000003 00000000 00000000 0001 03 29706 /run/user/1000/bus
ffff8cb91120dc00: 00000003 00000000 00000000 0001 03 26903 /run/systemd/journal/stdout
ffff8cb90e4ba800: 00000003 00000000 00000000 0001 03 24252 /run/systemd/journal/stdout
ffff8cb9011ef000: 00000003 00000000 00000000 0001 03 29042 /run/systemd/journal/stdout
ffff8cba0cd33000: 00000003 00000000 00000000 0001 03 23505 /run/cups/cups.sock
ffff8cb92a4a9000: 00000003 00000000 00000000 0001 03 27268 /run/user/1000/at-spi/bus
ffff8cb90d689400: 00000003 00000000 00000000 0001 03 29168
ffff8cb90f629c00: 00000003 00000000 00000000 0001 03 29705
ffff8cb90d659800: 00000003 00000000 00000000 0001 03 28918 /run/systemd/journal/stdout
ffff8cb91120c000: 00000003 00000000 00000000 0001 03 26902
ffff8cb90e4bb400: 00000003 00000000 00000000 0001 03 22431
ffff8cb9011eec00: 00000003 00000000 00000000 0001 03 44903
ffff8cb9011ee800: 00000003 00000000 00000000 0005 03 44820
ffff8cb92a4a9400: 00000003 00000000 00000000 0001 03 29758 /run/user/1000/pulse/native
ffff8cb90d659c00: 00000003 00000000 00000000 0001 03 26918 /run/user/1000/bus
ffff8cb90e4bb000: 00000003 00000000 00000000 0001 03 28788
ffff8cb91120c400: 00000003 00000000 00000000 0001 03 26720
ffff8cba10f41000: 00000003 00000000 00000000 0001 03 24146 /run/systemd/journal/stdout
ffff8cba0cd42c00: 00000003 00000000 00000000 0001 03 27416
ffff8cb90d689000: 00000003 00000000 00000000 0001 03 27976 /run/systemd/journal/stdout
ffff8cb90f629800: 00000003 00000000 00000000 0001 03 29700 /run/user/1000/bus
ffff8cba0cd32800: 00000003 00000000 00000000 0001 03 21738 /run/dbus/system_bus_socket
ffff8cb90f629400: 00000003 00000000 00000000 0001 03 24576
ffff8cb92a4a9800: 00000003 00000000 00000000 0001 03 27999
ffff8cb90d689c00: 00000003 00000000 00000000 0001 03 29737 /run/user/1000/bus
ffff8cb90d659000: 00000003 00000000 00000000 0001 03 28920
ffff8cb91120c800: 00000003 00000000 00000000 0001 03 26901 /run/systemd/journal/stdout
ffff8cba10f41c00: 00000003 00000000 00000000 0001 03 22410
ffff8cb9011ee000: 00000003 00000000 00000000 0005 03 44819
ffff8cb9011ee400: 00000003 00000000 00000000 0001 03 26577
ffff8cb90e4bbc00: 00000002 00000000 00000000 0002 03 28723
ffff8cb92a4a9c00: 00000003 00000000 00000000 0001 03 27271 /run/user/1000/at-spi/bus
ffff8cb90d689800: 00000003 00000000 00000000 0001 03 29153
ffff8cb90f629000: 00000003 00000000 00000000 0001 03 29703
ffff8cb90d659400: 00000003 00000000 00000000 0001 03 28932 /run/systemd/journal/stdout
ffff8cb90e4bb800: 00000003 00000000 00000000 0001 03 28806
ffff8cb91120cc00: 00000003 00000000 00000000 0001 03 24312 /run/dbus/system_bus_socket
ffff8cba0cd32000: 00000003 00000000 00000000 0001 03 23508
ffff8cba10f41800: 00000003 00000000 00000000 0001 03 25571 @e4aad00821ae27d7/bus/systemd/bus-api-user
ffff8cba05024800: 00000003 00000000 00000000 0001 03 25441 @dae598e5fd5c7882/bus/systemd/bus-system
ffff8cb91120ec00: 00000002 00000000 00010000 0001 01 26753 @/tmp/.ICE-unix/2131
ffff8cb931e5f800: 00000002 00000000 00010000 0001 01 27817 @/tmp/.X11-unix/X0
ffff8cb931e5c400: 00000002 00000000 00010000 0001 01 27819 @/tmp/.X11-unix/X1
ffff8cba01553c00: 00000003 00000000 00000000 0001 03 20829 @6bdcf2aeb7619f41/bus/systemd-timesyn/bus-api-timesync
ffff8cba04bf3400: 00000003 00000000 00000000 0001 03 19258 @d62fc939de9903d6/bus/systemd-logind/system
ffff8cba0ac3f800: 00000003 00000000 00000000 0001 03 19851 @12216923dca5bd75/bus/systemd/bus-api-system
ffff8cba118f2000: 00000003 00000000 00000000 0001 03 19708 @c2e900037550edee/bus/systemd-resolve/bus-api-resolve
ffff8cba0c555000: 00000003 00000000 00000000 0001 03 19132 @7167e8edf61c7913/bus/systemd-oomd/bus-api-oom
ffff8cba0c919800: 00000002 00000000 00010000 0005 01 43620 @snap.firefox.gecko-crash-helper-pipe.5309
